8 1
9 1
10 1
13 1
32 1
33 2
34 3
37 4
38 5
39 6
40 7
41 8
42 9
43 10
44 11
45 12
46 13
47 14
48 15
49 16
50 16
51 16
52 16
53 16
54 16
55 16
56 16
57 16
59 17
60 18
61 19
62 20
65 21
66 21
67 21
68 21
69 21
70 21
71 21
72 21
73 21
74 21
75 21
76 21
77 21
78 21
79 21
80 21
81 21
82 21
83 21
84 21
85 21
86 21
87 21
88 21
89 21
90 21
91 22
93 23
94 24
95 21
97 21
98 25
99 26
100 27
101 28
102 29
103 30
104 21
105 31
106 21
107 21
108 21
109 32
110 21
111 33
112 21
113 21
114 34
115 21
116 21
117 21
118 35
119 36
120 21
121 21
122 21
123 37
124 38
125 39
126 40
8 1
9 1
10 1
13 1
32 1
61 41
9 3
10 3
13 3
32 3
33 3
34 42
35 3
36 3
37 3
38 3
39 3
40 3
41 3
42 3
43 3
44 3
45 3
46 3
47 3
48 3
49 3
50 3
51 3
52 3
53 3
54 3
55 3
56 3
57 3
58 3
59 3
60 3
61 3
62 3
63 3
64 3
65 3
66 3
67 3
68 3
69 3
70 3
71 3
72 3
73 3
74 3
75 3
76 3
77 3
78 3
79 3
80 3
81 3
82 3
83 3
84 3
85 3
86 3
87 3
88 3
89 3
90 3
91 3
92 3
93 3
94 3
95 3
96 3
97 3
98 3
99 3
100 3
101 3
102 3
103 3
104 3
105 3
106 3
107 3
108 3
109 3
110 3
111 3
112 3
113 3
114 3
115 3
116 3
117 3
118 3
119 3
120 3
121 3
122 3
123 3
124 3
125 3
126 3
161 3
162 3
163 3
164 3
165 3
166 3
167 3
168 3
169 3
170 3
171 3
172 3
173 3
174 3
175 3
176 3
177 3
178 3
179 3
180 3
181 3
182 3
183 3
184 3
185 3
186 3
187 3
188 3
189 3
190 3
191 3
192 3
193 3
194 3
195 3
196 3
197 3
198 3
199 3
200 3
201 3
202 3
203 3
204 3
205 3
206 3
207 3
208 3
209 3
210 3
211 3
212 3
213 3
214 3
215 3
216 3
217 3
218 3
219 3
220 3
221 3
222 3
223 3
224 3
225 3
226 3
227 3
228 3
229 3
230 3
231 3
232 3
233 3
234 3
235 3
236 3
237 3
238 3
239 3
240 3
241 3
242 3
243 3
244 3
245 3
246 3
247 3
248 3
249 3
250 3
251 3
252 3
253 3
254 3
255 3
38 43
39 44
48 45
49 45
50 45
51 45
52 45
53 45
54 45
55 45
56 45
57 45
65 45
66 45
67 45
68 45
69 45
70 45
71 45
72 45
73 45
74 45
75 45
76 45
77 45
78 45
79 45
80 45
81 45
82 45
83 45
84 45
85 45
86 45
87 45
88 45
89 45
90 45
95 45
97 45
98 45
99 45
100 45
101 45
102 45
103 45
104 45
105 45
106 45
107 45
108 45
109 45
110 45
111 45
112 45
113 45
114 45
115 45
116 45
117 45
118 45
119 45
120 45
121 45
122 45
42 46
47 47
46 48
48 16
49 16
50 16
51 16
52 16
53 16
54 16
55 16
56 16
57 16
98 49
120 50
46 48
48 16
49 16
50 16
51 16
52 16
53 16
54 16
55 16
56 16
57 16
60 51
61 52
61 53
61 54
62 55
48 21
49 21
50 21
51 21
52 21
53 21
54 21
55 21
56 21
57 21
65 21
66 21
67 21
68 21
69 21
70 21
71 21
72 21
73 21
74 21
75 21
76 21
77 21
78 21
79 21
80 21
81 21
82 21
83 21
84 21
85 21
86 21
87 21
88 21
89 21
90 21
95 21
97 21
98 21
99 21
100 21
101 21
102 21
103 21
104 21
105 21
106 21
107 21
108 21
109 21
110 21
111 21
112 21
113 21
114 21
115 21
116 21
117 21
118 21
119 21
120 21
121 21
122 21
48 21
49 21
50 21
51 21
52 21
53 21
54 21
55 21
56 21
57 21
65 21
66 21
67 21
68 21
69 21
70 21
71 21
72 21
73 21
74 21
75 21
76 21
77 21
78 21
79 21
80 21
81 21
82 21
83 21
84 21
85 21
86 21
87 21
88 21
89 21
90 21
95 21
97 21
98 21
99 21
100 21
101 21
102 21
103 21
104 21
105 21
106 21
107 21
108 21
109 21
110 21
111 21
112 21
113 21
114 21
115 21
116 21
117 56
118 21
119 21
120 21
121 21
122 21
48 21
49 21
50 21
51 21
52 21
53 21
54 21
55 21
56 21
57 21
65 21
66 21
67 21
68 21
69 21
70 21
71 21
72 21
73 21
74 21
75 21
76 21
77 21
78 21
79 21
80 21
81 21
82 21
83 21
84 21
85 21
86 21
87 21
88 21
89 21
90 21
95 21
97 21
98 21
99 21
100 21
101 21
102 21
103 21
104 57
105 21
106 21
107 21
108 21
109 21
110 21
111 21
112 21
113 21
114 21
115 21
116 21
117 21
118 21
119 21
120 21
121 21
122 21
48 21
49 21
50 21
51 21
52 21
53 21
54 21
55 21
56 21
57 21
65 21
66 21
67 21
68 21
69 21
70 21
71 21
72 21
73 21
74 21
75 21
76 21
77 21
78 21
79 21
80 21
81 21
82 21
83 21
84 21
85 21
86 21
87 21
88 21
89 21
90 21
95 21
97 21
98 21
99 21
100 21
101 21
102 21
103 21
104 21
105 21
106 21
107 21
108 21
109 21
110 21
111 58
112 21
113 21
114 21
115 21
116 21
117 21
118 21
119 21
120 21
121 21
122 21
48 21
49 21
50 21
51 21
52 21
53 21
54 21
55 21
56 21
57 21
65 21
66 21
67 21
68 21
69 21
70 21
71 21
72 21
73 21
74 21
75 21
76 21
77 21
78 21
79 21
80 21
81 21
82 21
83 21
84 21
85 21
86 21
87 21
88 21
89 21
90 21
95 21
97 21
98 21
99 21
100 21
101 21
102 21
103 21
104 21
105 21
106 21
107 21
108 59
109 21
110 21
111 21
112 21
113 21
114 21
115 21
116 21
117 21
118 21
119 21
120 21
121 21
122 21
48 21
49 21
50 21
51 21
52 21
53 21
54 21
55 21
56 21
57 21
65 21
66 21
67 21
68 21
69 21
70 21
71 21
72 21
73 21
74 21
75 21
76 21
77 21
78 21
79 21
80 21
81 21
82 21
83 21
84 21
85 21
86 21
87 21
88 21
89 21
90 21
95 21
97 21
98 21
99 21
100 21
101 21
102 21
103 21
104 21
105 21
106 21
107 21
108 21
109 21
110 21
111 60
112 21
113 21
114 21
115 21
116 21
117 21
118 21
119 21
120 21
121 21
122 21
48 21
49 21
50 21
51 21
52 21
53 21
54 21
55 21
56 21
57 21
65 21
66 21
67 21
68 21
69 21
70 21
71 21
72 21
73 21
74 21
75 21
76 21
77 21
78 21
79 21
80 21
81 21
82 21
83 21
84 21
85 21
86 21
87 21
88 21
89 21
90 21
95 21
97 21
98 21
99 21
100 21
101 21
102 21
103 21
104 21
105 21
106 21
107 21
108 21
109 21
110 21
111 61
112 21
113 21
114 21
115 21
116 21
117 21
118 21
119 21
120 21
121 21
122 21
48 21
49 21
50 21
51 21
52 21
53 21
54 21
55 21
56 21
57 21
65 21
66 21
67 21
68 21
69 21
70 21
71 21
72 21
73 21
74 21
75 21
76 21
77 21
78 21
79 21
80 21
81 21
82 21
83 21
84 21
85 21
86 21
87 21
88 21
89 21
90 21
95 21
97 21
98 21
99 21
100 21
101 21
102 62
103 21
104 21
105 21
106 21
107 21
108 21
109 21
110 63
111 21
112 21
113 21
114 21
115 21
116 21
117 21
118 21
119 21
120 21
121 21
122 21
48 21
49 21
50 21
51 21
52 21
53 21
54 21
55 21
56 21
57 21
65 21
66 21
67 21
68 21
69 21
70 21
71 21
72 21
73 21
74 21
75 21
76 21
77 21
78 21
79 21
80 21
81 21
82 21
83 21
84 21
85 21
86 21
87 21
88 21
89 21
90 21
95 21
97 64
98 21
99 21
100 21
101 21
102 21
103 21
104 21
105 65
106 21
107 21
108 21
109 21
110 21
111 21
112 21
113 21
114 21
115 21
116 21
117 21
118 21
119 21
120 21
121 21
122 21
48 21
49 21
50 21
51 21
52 21
53 21
54 21
55 21
56 21
57 21
65 21
66 21
67 21
68 21
69 21
70 21
71 21
72 21
73 21
74 21
75 21
76 21
77 21
78 21
79 21
80 21
81 21
82 21
83 21
84 21
85 21
86 21
87 21
88 21
89 21
90 21
95 21
97 21
98 21
99 21
100 21
101 21
102 21
103 21
104 21
105 21
106 21
107 21
108 21
109 21
110 21
111 21
112 21
113 21
114 21
115 21
116 21
117 66
118 21
119 21
120 21
121 21
122 21
48 21
49 21
50 21
51 21
52 21
53 21
54 21
55 21
56 21
57 21
65 21
66 21
67 21
68 21
69 21
70 21
71 21
72 21
73 21
74 21
75 21
76 21
77 21
78 21
79 21
80 21
81 21
82 21
83 21
84 21
85 21
86 21
87 21
88 21
89 21
90 21
95 21
97 21
98 21
99 21
100 21
101 67
102 21
103 21
104 21
105 21
106 21
107 21
108 21
109 21
110 21
111 21
112 21
113 21
114 21
115 21
116 21
117 21
118 21
119 21
120 21
121 21
122 21
48 21
49 21
50 21
51 21
52 21
53 21
54 21
55 21
56 21
57 21
65 21
66 21
67 21
68 21
69 21
70 21
71 21
72 21
73 21
74 21
75 21
76 21
77 21
78 21
79 21
80 21
81 21
82 21
83 21
84 21
85 21
86 21
87 21
88 21
89 21
90 21
95 21
97 21
98 21
99 21
100 21
101 21
102 21
103 21
104 21
105 21
106 21
107 21
108 21
109 21
110 21
111 68
112 21
113 21
114 21
115 21
116 21
117 21
118 21
119 21
120 21
121 21
122 21
48 21
49 21
50 21
51 21
52 21
53 21
54 21
55 21
56 21
57 21
65 21
66 21
67 21
68 21
69 21
70 21
71 21
72 21
73 21
74 21
75 21
76 21
77 21
78 21
79 21
80 21
81 21
82 21
83 21
84 21
85 21
86 21
87 21
88 21
89 21
90 21
95 21
97 21
98 21
99 21
100 21
101 21
102 21
103 21
104 69
105 21
106 21
107 21
108 21
109 21
110 21
111 21
112 21
113 21
114 21
115 21
116 21
117 21
118 21
119 21
120 21
121 21
122 21
124 70
39 44
10 71
32 71
33 71
35 71
36 71
37 71
38 71
42 72
43 71
45 71
47 46
48 71
49 71
50 71
51 71
52 71
53 71
54 71
55 71
56 71
57 71
64 71
65 71
66 71
67 71
68 71
69 71
70 71
71 71
72 71
73 71
74 71
75 71
76 71
77 71
78 71
79 71
80 71
81 71
82 71
83 71
84 71
85 71
86 71
87 71
88 71
89 71
90 71
95 71
97 71
98 71
99 71
100 71
101 71
102 71
103 71
104 71
105 71
106 71
107 71
108 71
109 71
110 71
111 71
112 71
113 71
114 71
115 71
116 71
117 71
118 71
119 71
120 71
121 71
122 71
128 71
129 71
130 71
131 71
132 71
133 71
134 71
135 71
136 71
137 71
138 71
139 71
140 71
141 71
142 71
143 71
144 71
145 71
146 71
147 71
148 71
149 71
150 71
151 71
152 71
153 71
154 71
155 71
156 71
157 71
158 71
159 71
160 71
161 71
162 71
163 71
164 71
165 71
166 71
167 71
168 71
169 71
170 71
171 71
172 71
173 71
174 71
175 71
176 71
177 71
178 71
179 71
180 71
181 71
182 71
183 71
184 71
185 71
186 71
187 71
188 71
189 71
190 71
191 71
192 71
193 71
194 71
195 71
275 71
9 47
32 47
33 47
34 47
35 47
36 47
37 47
38 47
39 47
40 47
41 47
42 47
43 47
44 47
45 47
46 47
47 47
48 47
49 47
50 47
51 47
52 47
53 47
54 47
55 47
56 47
57 47
58 47
59 47
60 47
61 47
62 47
63 47
64 47
65 47
66 47
67 47
68 47
69 47
70 47
71 47
72 47
73 47
74 47
75 47
76 47
77 47
78 47
79 47
80 47
81 47
82 47
83 47
84 47
85 47
86 47
87 47
88 47
89 47
90 47
91 47
92 47
93 47
94 47
95 47
96 47
97 47
98 47
99 47
100 47
101 47
102 47
103 47
104 47
105 47
106 47
107 47
108 47
109 47
110 47
111 47
112 47
113 47
114 47
115 47
116 47
117 47
118 47
119 47
120 47
121 47
122 47
123 47
124 47
125 47
126 47
161 47
162 47
163 47
164 47
165 47
166 47
167 47
168 47
169 47
170 47
171 47
172 47
173 47
174 47
175 47
176 47
177 47
178 47
179 47
180 47
181 47
182 47
183 47
184 47
185 47
186 47
187 47
188 47
189 47
190 47
191 47
192 47
193 47
194 47
195 47
196 47
197 47
198 47
199 47
200 47
201 47
202 47
203 47
204 47
205 47
206 47
207 47
208 47
209 47
210 47
211 47
212 47
213 47
214 47
215 47
216 47
217 47
218 47
219 47
220 47
221 47
222 47
223 47
224 47
225 47
226 47
227 47
228 47
229 47
230 47
231 47
232 47
233 47
234 47
235 47
236 47
237 47
238 47
239 47
240 47
241 47
242 47
243 47
244 47
245 47
246 47
247 47
248 47
249 47
250 47
251 47
252 47
253 47
254 47
255 47
48 73
49 73
50 73
51 73
52 73
53 73
54 73
55 73
56 73
57 73
48 74
49 74
48 75
49 75
50 75
51 75
52 75
53 75
54 75
55 75
56 75
57 75
65 75
66 75
67 75
68 75
69 75
70 75
97 75
98 75
99 75
100 75
101 75
102 75
48 21
49 21
50 21
51 21
52 21
53 21
54 21
55 21
56 21
57 21
65 21
66 21
67 21
68 21
69 21
70 21
71 21
72 21
73 21
74 21
75 21
76 21
77 21
78 21
79 21
80 21
81 21
82 21
83 21
84 21
85 21
86 21
87 21
88 21
89 21
90 21
95 21
97 21
98 21
99 21
100 21
101 21
102 21
103 76
104 21
105 21
106 21
107 21
108 21
109 21
110 21
111 21
112 21
113 21
114 21
115 21
116 21
117 21
118 21
119 21
120 21
121 21
122 21
48 21
49 21
50 21
51 21
52 21
53 21
54 21
55 21
56 21
57 21
65 21
66 21
67 21
68 21
69 21
70 21
71 21
72 21
73 21
74 21
75 21
76 21
77 21
78 21
79 21
80 21
81 21
82 21
83 21
84 21
85 21
86 21
87 21
88 21
89 21
90 21
95 21
97 21
98 21
99 21
100 21
101 21
102 21
103 21
104 21
105 77
106 21
107 21
108 21
109 21
110 21
111 21
112 21
113 21
114 21
115 21
116 21
117 21
118 21
119 21
120 21
121 21
122 21
48 21
49 21
50 21
51 21
52 21
53 21
54 21
55 21
56 21
57 21
65 21
66 21
67 21
68 21
69 21
70 21
71 21
72 21
73 21
74 21
75 21
76 21
77 21
78 21
79 21
80 21
81 21
82 21
83 21
84 21
85 21
86 21
87 21
88 21
89 21
90 21
95 21
97 21
98 21
99 21
100 21
101 21
102 21
103 21
104 21
105 21
106 21
107 21
108 21
109 21
110 21
111 21
112 21
113 21
114 21
115 21
116 21
117 21
118 21
119 21
120 21
121 21
122 21
48 21
49 21
50 21
51 21
52 21
53 21
54 21
55 21
56 21
57 21
65 21
66 21
67 21
68 21
69 21
70 21
71 21
72 21
73 21
74 21
75 21
76 21
77 21
78 21
79 21
80 21
81 21
82 21
83 21
84 21
85 21
86 21
87 21
88 21
89 21
90 21
95 21
97 21
98 21
99 21
100 21
101 21
102 21
103 21
104 21
105 21
106 21
107 21
108 21
109 21
110 21
111 21
112 21
113 21
114 21
115 78
116 21
117 21
118 21
119 21
120 21
121 21
122 21
48 21
49 21
50 21
51 21
52 21
53 21
54 21
55 21
56 21
57 21
65 21
66 21
67 21
68 21
69 21
70 21
71 21
72 21
73 21
74 21
75 21
76 21
77 21
78 21
79 21
80 21
81 21
82 21
83 21
84 21
85 21
86 21
87 21
88 21
89 21
90 21
95 21
97 21
98 21
99 21
100 21
101 21
102 21
103 21
104 21
105 21
106 21
107 21
108 21
109 21
110 21
111 21
112 21
113 21
114 79
115 21
116 21
117 21
118 21
119 21
120 21
121 21
122 21
48 21
49 21
50 21
51 21
52 21
53 21
54 21
55 21
56 21
57 21
65 21
66 21
67 21
68 21
69 21
70 21
71 21
72 21
73 21
74 21
75 21
76 21
77 21
78 21
79 21
80 21
81 21
82 21
83 21
84 21
85 21
86 21
87 21
88 21
89 21
90 21
95 21
97 21
98 21
99 21
100 21
101 21
102 21
103 21
104 21
105 21
106 21
107 21
108 80
109 21
110 21
111 21
112 21
113 21
114 21
115 21
116 21
117 21
118 21
119 21
120 21
121 21
122 21
48 21
49 21
50 21
51 21
52 21
53 21
54 21
55 21
56 21
57 21
65 21
66 21
67 21
68 21
69 21
70 21
71 21
72 21
73 21
74 21
75 21
76 21
77 21
78 21
79 21
80 21
81 21
82 21
83 21
84 21
85 21
86 21
87 21
88 21
89 21
90 21
95 21
97 21
98 21
99 21
100 21
101 21
102 21
103 21
104 21
105 21
106 21
107 21
108 21
109 21
110 21
111 21
112 21
113 21
114 21
115 21
116 21
117 21
118 21
119 21
120 21
121 21
122 21
48 21
49 21
50 21
51 21
52 21
53 21
54 21
55 21
56 21
57 21
65 21
66 21
67 21
68 21
69 21
70 21
71 21
72 21
73 21
74 21
75 21
76 21
77 21
78 21
79 21
80 21
81 21
82 21
83 21
84 21
85 21
86 21
87 21
88 21
89 21
90 21
95 21
97 21
98 21
99 21
100 21
101 21
102 21
103 21
104 21
105 21
106 21
107 21
108 21
109 21
110 21
111 21
112 81
113 21
114 21
115 21
116 21
117 21
118 21
119 21
120 21
121 21
122 21
48 21
49 21
50 21
51 21
52 21
53 21
54 21
55 21
56 21
57 21
65 21
66 21
67 21
68 21
69 21
70 21
71 21
72 21
73 21
74 21
75 21
76 21
77 21
78 21
79 21
80 21
81 21
82 21
83 21
84 21
85 21
86 21
87 21
88 21
89 21
90 21
95 21
97 21
98 21
99 82
100 21
101 21
102 21
103 21
104 21
105 21
106 21
107 21
108 21
109 21
110 21
111 21
112 21
113 21
114 21
115 21
116 21
117 21
118 21
119 21
120 21
121 21
122 21
48 21
49 21
50 21
51 21
52 21
53 21
54 21
55 21
56 21
57 21
65 21
66 21
67 21
68 21
69 21
70 21
71 21
72 21
73 21
74 21
75 21
76 21
77 21
78 21
79 21
80 21
81 21
82 21
83 21
84 21
85 21
86 21
87 21
88 21
89 21
90 21
95 21
97 21
98 21
99 83
100 21
101 21
102 21
103 21
104 21
105 21
106 21
107 21
108 21
109 21
110 21
111 21
112 21
113 21
114 21
115 21
116 21
117 21
118 21
119 21
120 21
121 21
122 21
48 21
49 21
50 21
51 21
52 21
53 21
54 21
55 21
56 21
57 21
65 21
66 21
67 21
68 21
69 21
70 21
71 21
72 21
73 21
74 21
75 21
76 21
77 21
78 21
79 21
80 21
81 21
82 21
83 21
84 21
85 21
86 21
87 21
88 21
89 21
90 21
95 21
97 21
98 21
99 21
100 21
101 21
102 21
103 21
104 21
105 21
106 21
107 21
108 21
109 21
110 21
111 21
112 21
113 21
114 21
115 21
116 84
117 21
118 21
119 21
120 21
121 21
122 21
48 21
49 21
50 21
51 21
52 21
53 21
54 21
55 21
56 21
57 21
65 21
66 21
67 21
68 21
69 21
70 21
71 21
72 21
73 21
74 21
75 21
76 21
77 21
78 21
79 21
80 21
81 21
82 21
83 21
84 21
85 21
86 21
87 21
88 21
89 21
90 21
95 21
97 21
98 21
99 21
100 21
101 21
102 21
103 21
104 21
105 21
106 21
107 21
108 21
109 21
110 21
111 21
112 21
113 21
114 21
115 21
116 85
117 21
118 21
119 21
120 21
121 21
122 21
48 21
49 21
50 21
51 21
52 21
53 21
54 21
55 21
56 21
57 21
65 21
66 21
67 21
68 21
69 21
70 21
71 21
72 21
73 21
74 21
75 21
76 21
77 21
78 21
79 21
80 21
81 21
82 21
83 21
84 21
85 21
86 21
87 21
88 21
89 21
90 21
95 21
97 21
98 21
99 21
100 21
101 21
102 21
103 21
104 21
105 86
106 21
107 21
108 21
109 21
110 21
111 21
112 21
113 21
114 21
115 21
116 21
117 21
118 21
119 21
120 21
121 21
122 21
48 21
49 21
50 21
51 21
52 21
53 21
54 21
55 21
56 21
57 21
65 21
66 21
67 21
68 21
69 21
70 21
71 21
72 21
73 21
74 21
75 21
76 21
77 21
78 21
79 21
80 21
81 21
82 21
83 21
84 21
85 21
86 21
87 21
88 21
89 21
90 21
95 21
97 21
98 21
99 21
100 21
101 21
102 21
103 21
104 21
105 87
106 21
107 21
108 21
109 21
110 21
111 21
112 21
113 21
114 21
115 21
116 21
117 21
118 21
119 21
120 21
121 21
122 21
10 71
32 71
33 71
35 71
36 71
37 71
38 71
42 72
43 71
45 71
47 71
48 71
49 71
50 71
51 71
52 71
53 71
54 71
55 71
56 71
57 71
64 71
65 71
66 71
67 71
68 71
69 71
70 71
71 71
72 71
73 71
74 71
75 71
76 71
77 71
78 71
79 71
80 71
81 71
82 71
83 71
84 71
85 71
86 71
87 71
88 71
89 71
90 71
95 71
97 71
98 71
99 71
100 71
101 71
102 71
103 71
104 71
105 71
106 71
107 71
108 71
109 71
110 71
111 71
112 71
113 71
114 71
115 71
116 71
117 71
118 71
119 71
120 71
121 71
122 71
128 71
129 71
130 71
131 71
132 71
133 71
134 71
135 71
136 71
137 71
138 71
139 71
140 71
141 71
142 71
143 71
144 71
145 71
146 71
147 71
148 71
149 71
150 71
151 71
152 71
153 71
154 71
155 71
156 71
157 71
158 71
159 71
160 71
161 71
162 71
163 71
164 71
165 71
166 71
167 71
168 71
169 71
170 71
171 71
172 71
173 71
174 71
175 71
176 71
177 71
178 71
179 71
180 71
181 71
182 71
183 71
184 71
185 71
186 71
187 71
188 71
189 71
190 71
191 71
192 71
193 71
194 71
195 71
275 71
10 71
32 71
33 71
35 71
36 71
37 71
38 71
42 72
43 71
45 71
47 88
48 71
49 71
50 71
51 71
52 71
53 71
54 71
55 71
56 71
57 71
64 71
65 71
66 71
67 71
68 71
69 71
70 71
71 71
72 71
73 71
74 71
75 71
76 71
77 71
78 71
79 71
80 71
81 71
82 71
83 71
84 71
85 71
86 71
87 71
88 71
89 71
90 71
95 71
97 71
98 71
99 71
100 71
101 71
102 71
103 71
104 71
105 71
106 71
107 71
108 71
109 71
110 71
111 71
112 71
113 71
114 71
115 71
116 71
117 71
118 71
119 71
120 71
121 71
122 71
128 71
129 71
130 71
131 71
132 71
133 71
134 71
135 71
136 71
137 71
138 71
139 71
140 71
141 71
142 71
143 71
144 71
145 71
146 71
147 71
148 71
149 71
150 71
151 71
152 71
153 71
154 71
155 71
156 71
157 71
158 71
159 71
160 71
161 71
162 71
163 71
164 71
165 71
166 71
167 71
168 71
169 71
170 71
171 71
172 71
173 71
174 71
175 71
176 71
177 71
178 71
179 71
180 71
181 71
182 71
183 71
184 71
185 71
186 71
187 71
188 71
189 71
190 71
191 71
192 71
193 71
194 71
195 71
275 71
48 73
49 73
50 73
51 73
52 73
53 73
54 73
55 73
56 73
57 73
48 74
49 74
48 75
49 75
50 75
51 75
52 75
53 75
54 75
55 75
56 75
57 75
65 75
66 75
67 75
68 75
69 75
70 75
97 75
98 75
99 75
100 75
101 75
102 75
48 21
49 21
50 21
51 21
52 21
53 21
54 21
55 21
56 21
57 21
65 21
66 21
67 21
68 21
69 21
70 21
71 21
72 21
73 21
74 21
75 21
76 21
77 21
78 21
79 21
80 21
81 21
82 21
83 21
84 21
85 21
86 21
87 21
88 21
89 21
90 21
95 21
97 21
98 21
99 21
100 21
101 21
102 21
103 21
104 21
105 89
106 21
107 21
108 21
109 21
110 21
111 21
112 21
113 21
114 21
115 21
116 21
117 21
118 21
119 21
120 21
121 21
122 21
48 21
49 21
50 21
51 21
52 21
53 21
54 21
55 21
56 21
57 21
65 21
66 21
67 21
68 21
69 21
70 21
71 21
72 21
73 21
74 21
75 21
76 21
77 21
78 21
79 21
80 21
81 21
82 21
83 21
84 21
85 21
86 21
87 21
88 21
89 21
90 21
95 21
97 21
98 21
99 21
100 21
101 21
102 21
103 21
104 21
105 21
106 21
107 21
108 21
109 90
110 21
111 21
112 21
113 21
114 21
115 21
116 21
117 21
118 21
119 21
120 21
121 21
122 21
48 21
49 21
50 21
51 21
52 21
53 21
54 21
55 21
56 21
57 21
65 21
66 21
67 21
68 21
69 21
70 21
71 21
72 21
73 21
74 21
75 21
76 21
77 21
78 21
79 21
80 21
81 21
82 21
83 21
84 21
85 21
86 21
87 21
88 21
89 21
90 21
95 21
97 21
98 21
99 21
100 21
101 91
102 21
103 21
104 21
105 21
106 21
107 21
108 21
109 21
110 21
111 21
112 21
113 21
114 21
115 21
116 21
117 21
118 21
119 21
120 21
121 21
122 21
48 21
49 21
50 21
51 21
52 21
53 21
54 21
55 21
56 21
57 21
65 21
66 21
67 21
68 21
69 21
70 21
71 21
72 21
73 21
74 21
75 21
76 21
77 21
78 21
79 21
80 21
81 21
82 21
83 21
84 21
85 21
86 21
87 21
88 21
89 21
90 21
95 21
97 21
98 21
99 21
100 21
101 21
102 21
103 21
104 21
105 21
106 21
107 21
108 21
109 21
110 21
111 21
112 21
113 21
114 21
115 21
116 21
117 21
118 21
119 21
120 21
121 21
122 21
48 21
49 21
50 21
51 21
52 21
53 21
54 21
55 21
56 21
57 21
65 21
66 21
67 21
68 21
69 21
70 21
71 21
72 21
73 21
74 21
75 21
76 21
77 21
78 21
79 21
80 21
81 21
82 21
83 21
84 21
85 21
86 21
87 21
88 21
89 21
90 21
95 21
97 21
98 21
99 21
100 21
101 21
102 21
103 21
104 21
105 92
106 21
107 21
108 21
109 21
110 21
111 21
112 21
113 21
114 21
115 21
116 21
117 21
118 21
119 21
120 21
121 21
122 21
48 21
49 21
50 21
51 21
52 21
53 21
54 21
55 21
56 21
57 21
65 21
66 21
67 21
68 21
69 21
70 21
71 21
72 21
73 21
74 21
75 21
76 21
77 21
78 21
79 21
80 21
81 21
82 21
83 21
84 21
85 21
86 21
87 21
88 21
89 21
90 21
95 21
97 21
98 21
99 21
100 21
101 21
102 21
103 21
104 21
105 21
106 21
107 21
108 21
109 21
110 21
111 21
112 21
113 21
114 21
115 21
116 21
117 93
118 21
119 21
120 21
121 21
122 21
48 21
49 21
50 21
51 21
52 21
53 21
54 21
55 21
56 21
57 21
65 21
66 21
67 21
68 21
69 21
70 21
71 21
72 21
73 21
74 21
75 21
76 21
77 21
78 21
79 21
80 21
81 21
82 21
83 21
84 21
85 21
86 21
87 21
88 21
89 21
90 21
95 21
97 94
98 21
99 21
100 21
101 21
102 21
103 21
104 21
105 21
106 21
107 21
108 21
109 21
110 21
111 21
112 21
113 21
114 21
115 21
116 21
117 21
118 21
119 21
120 21
121 21
122 21
48 21
49 21
50 21
51 21
52 21
53 21
54 21
55 21
56 21
57 21
65 21
66 21
67 21
68 21
69 21
70 21
71 21
72 21
73 21
74 21
75 21
76 21
77 21
78 21
79 21
80 21
81 21
82 21
83 21
84 21
85 21
86 21
87 21
88 21
89 21
90 21
95 21
97 21
98 21
99 21
100 21
101 21
102 21
103 21
104 21
105 21
106 21
107 21
108 21
109 21
110 21
111 95
112 21
113 21
114 21
115 21
116 21
117 21
118 21
119 21
120 21
121 21
122 21
48 21
49 21
50 21
51 21
52 21
53 21
54 21
55 21
56 21
57 21
65 21
66 21
67 21
68 21
69 21
70 21
71 21
72 21
73 21
74 21
75 21
76 21
77 21
78 21
79 21
80 21
81 21
82 21
83 21
84 21
85 21
86 21
87 21
88 21
89 21
90 21
95 21
97 21
98 21
99 21
100 21
101 21
102 21
103 21
104 21
105 21
106 21
107 21
108 21
109 21
110 21
111 21
112 96
113 21
114 21
115 21
116 21
117 21
118 21
119 21
120 21
121 21
122 21
48 21
49 21
50 21
51 21
52 21
53 21
54 21
55 21
56 21
57 21
65 21
66 21
67 21
68 21
69 21
70 21
71 21
72 21
73 21
74 21
75 21
76 21
77 21
78 21
79 21
80 21
81 21
82 21
83 21
84 21
85 21
86 21
87 21
88 21
89 21
90 21
95 21
97 21
98 21
99 21
100 21
101 21
102 21
103 21
104 21
105 21
106 21
107 21
108 21
109 21
110 21
111 21
112 21
113 21
114 21
115 21
116 21
117 97
118 21
119 21
120 21
121 21
122 21
48 21
49 21
50 21
51 21
52 21
53 21
54 21
55 21
56 21
57 21
65 21
66 21
67 21
68 21
69 21
70 21
71 21
72 21
73 21
74 21
75 21
76 21
77 21
78 21
79 21
80 21
81 21
82 21
83 21
84 21
85 21
86 21
87 21
88 21
89 21
90 21
95 21
97 21
98 21
99 21
100 98
101 21
102 21
103 21
104 21
105 21
106 21
107 21
108 21
109 21
110 21
111 21
112 21
113 21
114 21
115 21
116 21
117 21
118 21
119 21
120 21
121 21
122 21
48 21
49 21
50 21
51 21
52 21
53 21
54 21
55 21
56 21
57 21
65 21
66 21
67 21
68 21
69 21
70 21
71 21
72 21
73 21
74 21
75 21
76 21
77 21
78 21
79 21
80 21
81 21
82 21
83 21
84 21
85 21
86 21
87 21
88 21
89 21
90 21
95 21
97 21
98 21
99 21
100 21
101 21
102 21
103 21
104 21
105 21
106 21
107 21
108 99
109 21
110 21
111 21
112 21
113 21
114 21
115 21
116 21
117 21
118 21
119 21
120 21
121 21
122 21
10 71
32 71
33 71
35 71
36 71
37 71
38 71
42 72
43 71
45 71
47 71
48 71
49 71
50 71
51 71
52 71
53 71
54 71
55 71
56 71
57 71
64 71
65 71
66 71
67 71
68 71
69 71
70 71
71 71
72 71
73 71
74 71
75 71
76 71
77 71
78 71
79 71
80 71
81 71
82 71
83 71
84 71
85 71
86 71
87 71
88 71
89 71
90 71
95 71
97 71
98 71
99 71
100 71
101 71
102 71
103 71
104 71
105 71
106 71
107 71
108 71
109 71
110 71
111 71
112 71
113 71
114 71
115 71
116 71
117 71
118 71
119 71
120 71
121 71
122 71
128 71
129 71
130 71
131 71
132 71
133 71
134 71
135 71
136 71
137 71
138 71
139 71
140 71
141 71
142 71
143 71
144 71
145 71
146 71
147 71
148 71
149 71
150 71
151 71
152 71
153 71
154 71
155 71
156 71
157 71
158 71
159 71
160 71
161 71
162 71
163 71
164 71
165 71
166 71
167 71
168 71
169 71
170 71
171 71
172 71
173 71
174 71
175 71
176 71
177 71
178 71
179 71
180 71
181 71
182 71
183 71
184 71
185 71
186 71
187 71
188 71
189 71
190 71
191 71
192 71
193 71
194 71
195 71
275 71
48 21
49 21
50 21
51 21
52 21
53 21
54 21
55 21
56 21
57 21
65 21
66 21
67 21
68 21
69 21
70 21
71 21
72 21
73 21
74 21
75 21
76 21
77 21
78 21
79 21
80 21
81 21
82 21
83 21
84 21
85 21
86 21
87 21
88 21
89 21
90 21
95 21
97 21
98 21
99 21
100 21
101 21
102 21
103 21
104 21
105 21
106 21
107 21
108 21
109 21
110 21
111 100
112 21
113 21
114 21
115 21
116 21
117 21
118 21
119 21
120 21
121 21
122 21
48 21
49 21
50 21
51 21
52 21
53 21
54 21
55 21
56 21
57 21
65 21
66 21
67 21
68 21
69 21
70 21
71 21
72 21
73 21
74 21
75 21
76 21
77 21
78 21
79 21
80 21
81 21
82 21
83 21
84 21
85 21
86 21
87 21
88 21
89 21
90 21
95 21
97 21
98 21
99 21
100 21
101 21
102 21
103 21
104 21
105 21
106 21
107 21
108 21
109 21
110 21
111 21
112 101
113 21
114 21
115 21
116 21
117 21
118 21
119 21
120 21
121 21
122 21
48 21
49 21
50 21
51 21
52 21
53 21
54 21
55 21
56 21
57 21
65 21
66 21
67 21
68 21
69 21
70 21
71 21
72 21
73 21
74 21
75 21
76 21
77 21
78 21
79 21
80 21
81 21
82 21
83 21
84 21
85 21
86 21
87 21
88 21
89 21
90 21
95 21
97 21
98 21
99 21
100 21
101 21
102 21
103 21
104 21
105 21
106 21
107 21
108 21
109 21
110 21
111 21
112 21
113 21
114 21
115 21
116 21
117 21
118 21
119 21
120 21
121 21
122 21
48 21
49 21
50 21
51 21
52 21
53 21
54 21
55 21
56 21
57 21
65 21
66 21
67 21
68 21
69 21
70 21
71 21
72 21
73 21
74 21
75 21
76 21
77 21
78 21
79 21
80 21
81 21
82 21
83 21
84 21
85 21
86 21
87 21
88 21
89 21
90 21
95 21
97 21
98 21
99 21
100 21
101 21
102 21
103 21
104 21
105 21
106 21
107 21
108 21
109 21
110 21
111 21
112 21
113 21
114 102
115 21
116 21
117 21
118 21
119 21
120 21
121 21
122 21
48 21
49 21
50 21
51 21
52 21
53 21
54 21
55 21
56 21
57 21
65 21
66 21
67 21
68 21
69 21
70 21
71 21
72 21
73 21
74 21
75 21
76 21
77 21
78 21
79 21
80 21
81 21
82 21
83 21
84 21
85 21
86 21
87 21
88 21
89 21
90 21
95 21
97 21
98 21
99 21
100 21
101 21
102 21
103 21
104 21
105 21
106 21
107 21
108 21
109 21
110 21
111 21
112 21
113 21
114 21
115 21
116 103
117 21
118 21
119 21
120 21
121 21
122 21
48 21
49 21
50 21
51 21
52 21
53 21
54 21
55 21
56 21
57 21
65 21
66 21
67 21
68 21
69 21
70 21
71 21
72 21
73 21
74 21
75 21
76 21
77 21
78 21
79 21
80 21
81 21
82 21
83 21
84 21
85 21
86 21
87 21
88 21
89 21
90 21
95 21
97 21
98 21
99 21
100 21
101 21
102 21
103 21
104 21
105 21
106 21
107 21
108 21
109 21
110 21
111 21
112 21
113 104
114 21
115 21
116 21
117 21
118 21
119 21
120 21
121 21
122 21
48 21
49 21
50 21
51 21
52 21
53 21
54 21
55 21
56 21
57 21
65 21
66 21
67 21
68 21
69 21
70 21
71 21
72 21
73 21
74 21
75 21
76 21
77 21
78 21
79 21
80 21
81 21
82 21
83 21
84 21
85 21
86 21
87 21
88 21
89 21
90 21
95 21
97 21
98 21
99 21
100 21
101 21
102 21
103 21
104 21
105 21
106 21
107 21
108 21
109 21
110 21
111 21
112 21
113 21
114 21
115 21
116 21
117 21
118 21
119 21
120 21
121 21
122 21
48 21
49 21
50 21
51 21
52 21
53 21
54 21
55 21
56 21
57 21
65 21
66 21
67 21
68 21
69 21
70 21
71 21
72 21
73 21
74 21
75 21
76 21
77 21
78 21
79 21
80 21
81 21
82 21
83 21
84 21
85 21
86 21
87 21
88 21
89 21
90 21
95 21
97 21
98 21
99 21
100 21
101 21
102 21
103 21
104 21
105 21
106 21
107 21
108 21
109 21
110 21
111 21
112 21
113 21
114 21
115 21
116 21
117 105
118 21
119 21
120 21
121 21
122 21
48 21
49 21
50 21
51 21
52 21
53 21
54 21
55 21
56 21
57 21
65 21
66 21
67 21
68 21
69 21
70 21
71 21
72 21
73 21
74 21
75 21
76 21
77 21
78 21
79 21
80 21
81 21
82 21
83 21
84 21
85 21
86 21
87 21
88 21
89 21
90 21
95 21
97 21
98 21
99 21
100 21
101 21
102 21
103 21
104 21
105 21
106 21
107 21
108 21
109 21
110 21
111 21
112 21
113 21
114 106
115 21
116 21
117 21
118 21
119 21
120 21
121 21
122 21
48 21
49 21
50 21
51 21
52 21
53 21
54 21
55 21
56 21
57 21
65 21
66 21
67 21
68 21
69 21
70 21
71 21
72 21
73 21
74 21
75 21
76 21
77 21
78 21
79 21
80 21
81 21
82 21
83 21
84 21
85 21
86 21
87 21
88 21
89 21
90 21
95 21
97 21
98 21
99 21
100 21
101 21
102 21
103 21
104 21
105 21
106 21
107 21
108 21
109 21
110 21
111 21
112 21
113 21
114 21
115 21
116 21
117 21
118 21
119 21
120 21
121 21
122 21
48 21
49 21
50 21
51 21
52 21
53 21
54 21
55 21
56 21
57 21
65 21
66 21
67 21
68 21
69 21
70 21
71 21
72 21
73 21
74 21
75 21
76 21
77 21
78 21
79 21
80 21
81 21
82 21
83 21
84 21
85 21
86 21
87 21
88 21
89 21
90 21
95 21
97 21
98 21
99 21
100 21
101 107
102 21
103 21
104 21
105 21
106 21
107 21
108 21
109 21
110 21
111 21
112 21
113 21
114 21
115 21
116 21
117 21
118 21
119 21
120 21
121 21
122 21
48 21
49 21
50 21
51 21
52 21
53 21
54 21
55 21
56 21
57 21
65 21
66 21
67 21
68 21
69 21
70 21
71 21
72 21
73 21
74 21
75 21
76 21
77 21
78 21
79 21
80 21
81 21
82 21
83 21
84 21
85 21
86 21
87 21
88 21
89 21
90 21
95 21
97 21
98 21
99 21
100 21
101 21
102 21
103 21
104 21
105 21
106 21
107 21
108 21
109 21
110 21
111 21
112 21
113 21
114 21
115 21
116 21
117 21
118 21
119 21
120 21
121 21
122 21
48 21
49 21
50 21
51 21
52 21
53 21
54 21
55 21
56 21
57 21
65 21
66 21
67 21
68 21
69 21
70 21
71 21
72 21
73 21
74 21
75 21
76 21
77 21
78 21
79 21
80 21
81 21
82 21
83 21
84 21
85 21
86 21
87 21
88 21
89 21
90 21
95 21
97 21
98 21
99 21
100 21
101 21
102 21
103 21
104 21
105 21
106 21
107 21
108 21
109 21
110 21
111 21
112 21
113 21
114 21
115 21
116 21
117 21
118 21
119 21
120 21
121 21
122 21
48 21
49 21
50 21
51 21
52 21
53 21
54 21
55 21
56 21
57 21
65 21
66 21
67 21
68 21
69 21
70 21
71 21
72 21
73 21
74 21
75 21
76 21
77 21
78 21
79 21
80 21
81 21
82 21
83 21
84 21
85 21
86 21
87 21
88 21
89 21
90 21
95 21
97 108
98 21
99 21
100 21
101 21
102 21
103 21
104 21
105 21
106 21
107 21
108 21
109 21
110 21
111 21
112 21
113 21
114 21
115 21
116 21
117 21
118 21
119 21
120 21
121 21
122 21
48 21
49 21
50 21
51 21
52 21
53 21
54 21
55 21
56 21
57 21
65 21
66 21
67 21
68 21
69 21
70 21
71 21
72 21
73 21
74 21
75 21
76 21
77 21
78 21
79 21
80 21
81 21
82 21
83 21
84 21
85 21
86 21
87 21
88 21
89 21
90 21
95 21
97 21
98 21
99 21
100 21
101 21
102 21
103 21
104 21
105 21
106 21
107 21
108 21
109 21
110 21
111 21
112 21
113 21
114 21
115 21
116 21
117 21
118 21
119 21
120 21
121 21
122 21
48 21
49 21
50 21
51 21
52 21
53 21
54 21
55 21
56 21
57 21
65 21
66 21
67 21
68 21
69 21
70 21
71 21
72 21
73 21
74 21
75 21
76 21
77 21
78 21
79 21
80 21
81 21
82 21
83 21
84 21
85 21
86 21
87 21
88 21
89 21
90 21
95 21
97 21
98 21
99 21
100 21
101 21
102 21
103 21
104 21
105 21
106 21
107 21
108 21
109 21
110 21
111 21
112 21
113 21
114 21
115 21
116 21
117 109
118 21
119 21
120 21
121 21
122 21
48 21
49 21
50 21
51 21
52 21
53 21
54 21
55 21
56 21
57 21
65 21
66 21
67 21
68 21
69 21
70 21
71 21
72 21
73 21
74 21
75 21
76 21
77 21
78 21
79 21
80 21
81 21
82 21
83 21
84 21
85 21
86 21
87 21
88 21
89 21
90 21
95 21
97 21
98 21
99 21
100 21
101 21
102 21
103 21
104 21
105 21
106 21
107 21
108 21
109 21
110 21
111 21
112 21
113 21
114 21
115 21
116 110
117 21
118 21
119 21
120 21
121 21
122 21
48 21
49 21
50 21
51 21
52 21
53 21
54 21
55 21
56 21
57 21
65 21
66 21
67 21
68 21
69 21
70 21
71 21
72 21
73 21
74 21
75 21
76 21
77 21
78 21
79 21
80 21
81 21
82 21
83 21
84 21
85 21
86 21
87 21
88 21
89 21
90 21
95 21
97 21
98 21
99 21
100 21
101 21
102 21
103 21
104 21
105 21
106 21
107 21
108 21
109 21
110 111
111 21
112 21
113 21
114 21
115 21
116 21
117 21
118 21
119 21
120 21
121 21
122 21
48 21
49 21
50 21
51 21
52 21
53 21
54 21
55 21
56 21
57 21
65 21
66 21
67 21
68 21
69 21
70 21
71 21
72 21
73 21
74 21
75 21
76 21
77 21
78 21
79 21
80 21
81 21
82 21
83 21
84 21
85 21
86 21
87 21
88 21
89 21
90 21
95 21
97 21
98 21
99 21
100 21
101 21
102 21
103 21
104 21
105 21
106 21
107 21
108 21
109 21
110 21
111 21
112 21
113 21
114 21
115 21
116 21
117 21
118 21
119 21
120 21
121 21
122 21
48 21
49 21
50 21
51 21
52 21
53 21
54 21
55 21
56 21
57 21
65 21
66 21
67 21
68 21
69 21
70 21
71 21
72 21
73 21
74 21
75 21
76 21
77 21
78 21
79 21
80 21
81 21
82 21
83 21
84 21
85 21
86 21
87 21
88 21
89 21
90 21
95 21
97 21
98 21
99 21
100 21
101 21
102 21
103 21
104 21
105 21
106 21
107 21
108 21
109 21
110 21
111 21
112 21
113 21
114 21
115 21
116 21
117 21
118 21
119 21
120 21
121 21
122 21
48 21
49 21
50 21
51 21
52 21
53 21
54 21
55 21
56 21
57 21
65 21
66 21
67 21
68 21
69 21
70 21
71 21
72 21
73 21
74 21
75 21
76 21
77 21
78 21
79 21
80 21
81 21
82 21
83 21
84 21
85 21
86 21
87 21
88 21
89 21
90 21
95 21
97 21
98 21
99 21
100 21
101 112
102 21
103 21
104 21
105 21
106 21
107 21
108 21
109 21
110 21
111 21
112 21
113 21
114 21
115 21
116 21
117 21
118 21
119 21
120 21
121 21
122 21
48 21
49 21
50 21
51 21
52 21
53 21
54 21
55 21
56 21
57 21
65 21
66 21
67 21
68 21
69 21
70 21
71 21
72 21
73 21
74 21
75 21
76 21
77 21
78 21
79 21
80 21
81 21
82 21
83 21
84 21
85 21
86 21
87 21
88 21
89 21
90 21
95 21
97 21
98 21
99 21
100 21
101 21
102 21
103 21
104 21
105 21
106 21
107 21
108 21
109 21
110 21
111 21
112 21
113 21
114 21
115 21
116 21
117 21
118 21
119 21
120 21
121 21
122 21
48 21
49 21
50 21
51 21
52 21
53 21
54 21
55 21
56 21
57 21
65 21
66 21
67 21
68 21
69 21
70 21
71 21
72 21
73 21
74 21
75 21
76 21
77 21
78 21
79 21
80 21
81 21
82 21
83 21
84 21
85 21
86 21
87 21
88 21
89 21
90 21
95 21
97 21
98 21
99 21
100 21
101 21
102 21
103 21
104 21
105 21
106 21
107 21
108 21
109 21
110 21
111 21
112 21
113 21
114 21
115 21
116 21
117 21
118 21
119 21
120 21
121 21
122 21
48 21
49 21
50 21
51 21
52 21
53 21
54 21
55 21
56 21
57 21
65 21
66 21
67 21
68 21
69 21
70 21
71 21
72 21
73 21
74 21
75 21
76 21
77 21
78 21
79 21
80 21
81 21
82 21
83 21
84 21
85 21
86 21
87 21
88 21
89 21
90 21
95 21
97 21
98 21
99 21
100 21
101 21
102 21
103 21
104 21
105 21
106 21
107 21
108 21
109 21
110 21
111 21
112 21
113 21
114 21
115 21
116 21
117 21
118 21
119 21
120 21
121 21
122 21